110101010100110011001101010011001100110101001100110011010100110011001101000110
110011010100110011001101010011001100110101001100110011010100110011001101000111
110101010100110011001101010011001100110101001100110011010100110011001101000110
110011010100110011001101010011001100110101001100110011010100110011001101000111
110101010100110011001101010011001100110101001100110011010100110011001101000110
110011010100110011001101010011001100110101001100110011010100110011001101000111
110101010100110011001101010011001100110101001100110011010100110011001101000110
110011010100110011001101010011001100110101001100110011010100110011001101000111
110101010100110011001101010011001100110101001100110011010100110011001101000110
110011010100110011001101010011001100110101001100110011010100110011001101000111
110101010101010101010101010101010101010101010101010101010010101101010100100110
110010110101001101010100101010101010110011010100110011001010110011001100100111
110101001101001101001100101100110100110010110100110011001010101101001101000110
110010101101010101010011010101010101010101010101010101010101010101010100100111
110101010100110011010100110101010101010101010101010101010101010101010100100110
110010110011010010101010101011010011010101010101010101001101010011001100100111
110100101010110011001100110100110100110010110011010011001011010011001100100110
110011001010101101001101001101001100110101001100110011010010101100110100100111
110101010011010101001100110101010100110010110100110011010101010101010101000110
110010110101010101010100101010101010101011010101001011010101010011010100100111
110100110100110100101101010101010101010010101011010100110101010100110101000110
110010110011001100110101010101010011010011010100110011001010110011001100100111
110101001101001101001100101100110100110010110100110011001010101101001101000110
110010110011010011001101010011001100110101010101001101010100110100101100100111
110100101100110100101100110010110010110010101011001011010010101100101100100110
110011001011010010101101010011001010110100110100101011001101010100101101000111
110100110100110010101100110011010010110010110100101011010101010100110100100110
110011001101010010101100110011001010110011010011001011001011010100101100100111
110100101011001100101101010101010011010010110100101011001010101100101101000110
110011010011010010101101010011001010110101010101001101010101001100110100100111
110100110101010010101100110101010010110100110100101011010100110010101100100110
110011001101001100101101010011001010110011010011001011001010101100101101000111
110100110010101100101101010101010011010011001101001011010101001010101100100110
110011001011010100101101010100110010110011010101001011010010101100101100100111
110101001010110100101100110011010010110011010011001101010101010100110100100110
110010110011001100110101010101010101010010101101001011010101010011010101000111
110101001100110100101101010101010101010100110010101101010101010101010101000110
110010110101010010110011010101001101010100101011001011010101010101010101000111
110101010101010100110100110011001101001101010101001101001010110100110010100110
110011010101010100110100110100110101001101010101001101010010101101010101000111
110101010101010010101100101011001101010101010101001101010101010100110100100110
110011010101010100110101010101010011010101010101001101010101010100110101000111
110101010101010100110101010101010011010101010101001101010101010100110101000110
110011010101010100110101010101010011010101010101001101010101010100110101000111
110101010101010100110101010101010011010101010101001101010101010100110101000110
110011010101010100110101010101010011010101010101001101010101010100110101000111
110101010101010100110101010101010011010101010101001101010101010100110101000110
110011010101010100110101010101010011010101010101001101010101010100110101000111
110101010101010100110101010101010011010101010101001101010101010100110101000110
110011010101010100110101010101010011010101010101001101010101010100110101000111
110101010101010100110101010101010011010101010101001101010011001010110100100110
110011001010101101010010110100101100101010110100101011001100110100101100100111
110100110100110010101101010101010011010011001101001011010011010010101101000110
110011010011010010101100101010110010110100110100101011010101010100110100100111
110100110100110010101101001101001010110011010101001011010101010010101100100110
110011010101010101010100110011001010101101010100110101010101001010101100100111
110101010101010101010101010101010011010011010011010010110101010100110101000110
110011001100101011001011001100101011010101010101001101010101001101001011000111
110100110101010100110100110101001101010100110010101101010101010100110100100110
110010110101010100110011010101010011010010101011010101010101010011001101000111
110101010101010100110101010101010011010101010101001101010101010100110101000110
110011010101010100110101010101010011010101010101001101010101010100110101000111
110101010101010100110101010101010011010101010101001101010101010100110101000110
110011010101010100110101010101010011010101010101001101010101010100110101000111
110101010101010100110101010101010011010101010101001101010101010100110101000110
110011010101010100110101010101010011010101010101001101010101010100110101000111
110101010101010100110101010101010011010101010101001101010101010100110101000110
110010110101010100110101001100101011010010101011010100101101001011001011000111
110100101011010010101100110011010010110101001100101011010101010100110100100110
110011001100110010101101010101001010110101010101001101010100110010101100100111
110101010101001100101100110011010010110101010101001101001011010010101100100110
110011001011010100101101001101001010110011001101001011001100110100101101000111
110100110010101100101101010101010101010010110010101010110101010011010101000110
110010101101001010101101010101010101010100110010101101010101010101010101000111
110100110100101101010100110101001101010101010011010010110101010101010101000110
110011001010101101010011010101010011010100110011001101010101010100110101000111
110101010101010010101101001101001010110010101011001011001100101100101101000110
110011010101010010101101010011001010110101010101001101010011001100110100100111
110101010101010101010101001100101100110011010100110101010011010011001011000110
110011010101010101010101010101010011010010101010101100110101010100110100100111
110101010101001011010101010010110011010011010100110101010101010100110101000110
110011010101010100110101010101010011010101010101001101010101010100110101000111
110101010101010100110101010101010011010101010101001101010101010100110101000110
110011010101010100110101010101010011010101010101001101010101010100110101000111
110101010101010100110101010101010011010101010101001101010101010100110101000110
110011010101010100110101010101010011010101010101001101010101010100110101000111
110101010101010100110101010101010011010101010101001101010101010100110101000110
110011010101010100110101010101010011010101010101001101010101010100110101000111
110101010101010100110101010101010011010101010101001101010101010100110101000110
110011010101010100110101010101010011010101010101001101010101010100110101000111
110101010101010100110101010101010011010101010101001101010101010100110101000110
110011010101010100110101010101010011010101010101001101010101010100110101000111
110101010101010100110101010101010011010101010101001101010101010100110101000110
110010110101010100110101001100101011010010101011010100101101001011001011000111
110100110100110100101100110011010010110100101101001011001101010100101100100110
110010101100110010101101010010110010110101001100101011010101010100110100100111
110101001011010100101100101010110010110101001011001011001010101100101101000110
110011010011010010101100101101001010110101010101010101010011010100101101000111
110100101101010011010101010010101100101101010101010101010101010100110100100110
110011010101010100110101010101010100101101010101010101001010101100110010100111
110101001101010011010101001011010010101101010101010101010101010100110101000110
110011010101010100110100110010110101001101010101001101010010101101010100100111
110101010100101010101100110011001101010101010101001101010101010100110101000110
110011010101010100110101010101010011010101010101001101010101010100110101000111
110101010101010100110101010101010011010101010101001101010101010100110101000110
110011010101010100110101010101010011010101010101001101010101010100110101000111
110101010101010100110101010101010011010101010101001101010101010100110101000110
110011010101010100110101010101010011010101010101001101010101010100110101000111
110101010101010100110101010101010011010101010101001101010101010100110101000110
110011010101010100110101010101010011010101010101001101010101010100110101000111
110101010101010100110101010101010011010101010101001101010101010100110101000110
110011010101010100110101010101010011010101010101001101010101010100110101000111
110101010101010100110101010101010011010101010101001101010101010100110101000110
110011010101010100110101010101010011010101010101001101010101010100110101000111
110101010101010100110101010101010011010101010101001101010101010100110101000110
110011010101010100110101010101010011010101010101001101010101010100110101000111
110101010101010100110101010101010011010100110010101101001010101101010010100110
110011001101001011001011010101001010110100110100101011001010101100101101000111
110101001100101100101101010101001010110101001100101011010101010101010101000110
110011001101010010101010110101001101010101010100101010110101010101010100100111
110101010101010100110101010101010011010011001101010100101011001010110101000110
110010110101010100110101001101010011010101010011010011001010101100101101000111
110101001010110010101101010101010011010011001011001011001101010100101100100110
110010110010101100101100110100101010110101010101001101010010101100101100100111
110101001100110010101100110010110010110100110101001011001100110100101100100110
110011010011010010101100101101001010110101010101001101010100110100101100100111
110100101010101100101101010101010011010011010010101011001010101100101100100110
110010101100110010101101010101010011010010101100101011001101010100101101000111
110101010010101100101101010011001010110101010101001101010100110010101101000110
110010101010101100101101010101010011010010110100101011001010101100101100100111
110101010011010010101101010011001010110101010101001101010101001100110100100110
110011010100101100101100110100110010110011001011001011001101001100101100100111
110101010100110010101101010101010011010011010011001011001011010010101101000110
110011010101010100110101001101001011010011001100101101001101001100110100100111
110101010011001010110101010101010011010100110101001101010100101100110101000110
110010110100101101001101010101010101010011001011010101010011010011010100100111
110101010011001010101011010101010101010101010101001101010101010100110101000110
110011010101010100110100101100110101001101010101001101010011010011010101000111
110101010101001100101010101011010010101101001011010011010101010100110101000110
110010110010101100101011010101010011010101001011010011010101001100101010100111
110100101010110100101010101010110101010011010010110101010101010100110100100110
110010101100101101001011010101010011010100101011010101010100101100110100100111
110100101101010101010101010101010101010100110010110011010011010011010101000110
110011010100110101010100110101010101010101010101001101010101010100110101000111
110100110101010100110101010101010011010011001011010100110101010100110101000110
110010110010101101010101010010101010110011001100110101010101010100110100100111
110101010101010100110101010101010011010101010101001101010101010100110101000110
110011010101010100110101010101010011010101010101001101010101010100110101000111
110101010101010100110101010101010011010101010101001101010101010100110101000110
110011010101010100110101010101010011010101010101001101010101010100110101000111
110101010101010100110101010101010011010101010101001101010101010100110101000110
110011010101010100110101010101010011010101010101001101010101010100110101000111
110101010101010100110101010101010011010101010101001101010101010100110101000110
110011010101010100110101010101010011010101010101001101010101010100110101000111
110101010101010100110101010101010011010101010101001101010101010100110101000110
110011010101010100110101010101010011010101010101001101010101010100110101000111
110101010101010100110101010101010011010101010101001101010011001010110100100110
110011001010101101010010110100101100101011010011001011010010101100101100100111
110100110010110010101100110101010010110101001011001011001101001100101100100110
110010110100110100101101010101010011010100110100101011001100110100101100100111
110100101011010010101101010101001010110010101011001011010010101100101101000110
110011001011010010101100110011010010110101010101010101010100110011010011000111
110101010011010011010101001010110101010011010101010101010101010100110100100110
110011010101010100110101010101010011010101010101001101001101010011010011000111
110100110101010100110101010010110100110101010101001101010011010100110101000110
110010101101001100101100101101001010110101010101001101001101001100101100100111
110101010010101100101101001011001010110011010101001011010100101100101100100110
110011001101001100101101010011010010110101010101001101001100101100110101000111
110100110101010100110101010101001010110100110100101011001100110100101100100110
110010101011010010101100101101001010110101010101001101001011010010101100100111
110100110101010010101100110101010010110010110101001011001100110100101100100110
110011010101010100110101001101010010110011010101001011010011010010101100100111
110101010101010100110100110101010010110100101011001011010100110100101101000110
110011010101010100110101010011001010110100110100101011001101001010101101000111
110100110101010100110100110101010010110010101101001011001101010100101100100110
110011001101001100101101001010110010110100110101001101001011001010110101000111
110101010101010101010100110011010011001100110100110101010101001011010101000110
110010101101010101010101010101010011010101010101001101010101010100110100100111
110101010101010100110101001101001100110101001101001101001010110100101011000110
110010101100110101010011010011010011010101010011001101010011010011010101000111
110101001101001100110101010101010101010010110100101100110011010011010101000110
110011010011010100110100110101010101010101010101001101010101010100110100100111
110100110101010100110101010101010011010011010011010100110101010100110100100110
110010110010101101010101001011010010101101010101010101010101010101010100100111
110101001011010101010100101101001101010101001011001101001101010101010100100110
110010110101010100110101001011010101001101010101001101010101001011001100100111
110100110101001100110101010010110100110011010011001101010100101100110101000110
110011001011010101001101010100110011010101001011010011001101001100110100100111
110101010101010100110101010101010011010101010101001101010101010100110101000110
110011010101010100110101010101010011010101010101001101010101010100110101000111
110101010101010100110101010101010011010101010101001101010101010100110101000110
110011010101010100110101010101010011010101010101001101010101010100110101000111
110101010101010100110101010101010011010101010101001101010101010100110101000110
110011010101010100110101010101010011010101010101001101010101010100110101000111
110101010101010100110101010101010011010101010101001101010011001010110100100110
110011001010101101010010110100101100101011010101001011010011010010101100100111
110100110011010010101100110101010010110011010010101011001011010010101101000110
110011010101010100110101001011010010110010101011001011010011010010101100100111
110101010101010100110101001011001010110011010101001011010100101100101100100110
110010101100110010101100110011010010110010110100101011010101010100110101000111
110101001101010100101101001010110010110101001101001011010101010100110101000110
110011001011010100101100101010110010110101001011001011001010101100101101000111
110101010011010010101101010101010011010010110101001011001010101100101100100110
110011010100110100101100110011010010110010110100101011010101010101010101000111
110100101010101101001100101101001101010100101100101101001101010101010101000110
110010110101010100110101010011010100110010101011010011010010101101001100100111
110101001100110101001101010011010011010010101101001010110010110011001011000110
110010110101001100110101010010110100110101001011001101010011010100110100100111
110101010101010010110101001101010011010011010011001101010101010100110101000110
110011010101010100110101010101010011010101010101001101010101010100110101000111
110101010101010100110101010101010011010101010101001101010101010100110101000110
110011010101010100110101010101010011010101010101001101010101010100110101000111
110101010101010100110101010101010011010101010101001101010101010100110101000110
110011010101010100110101010101010011010101010101001101010101010100110101000111
110101010101010100110101010101010011010101010101001101010101010100110101000110
110011010101010100110101010101010011010100110010101101001010101101010010100111
110100101101001011001010101101001010110101001100101011010011010010101100100110
110011001101001100101101001010110010110010101101001011010101010100110100100111
110100110100110010101100101010110010110101010101001101001100101100101100100110
110010101010101100101101001010110010110011010011001011010100110010101101000111
110100101010101100101101001101001010110101010101001101010101010010101100100110
110010110011010010101100101010110010110010101101001011010011010010101101000111
110100101100110100101100101101001010110010110100101011010101010101010100100110
110010110100101011010010101101001101010101010101010011001101010101010101000111
110101010101010100110100110010110101001101010101001101010010101101010100100110
110011010100101010101100110011001101010101010101001101010101010100110101000111
110101010101010100110101010101010011010101010101001101010101010100110101000110
110011010101010100110101010101010011010101010101001101010101010100110101000111
110101010101010100110101010101010011010101010101001101010101010100110101000110
110011010101010100110101010101010011010101010101001101010101010100110101000111
110101010101010100110101010101010011010101010101001101010101010100110101000110
110011010101010100110101010101010011010101010101001101010101010100110101000111
110101010101010100110101010101010011010101010101001101010101010100110101000110
110011010101010100110101010101010011010101010101001101010101010100110101000111
110101010101010100110101010101010011010101010101001101010101010100110101000110
110011010101010100110101010101010011010101010101001101010101010100110101000111
110101010101010100110101010101010011010101010101001101010101010100110101000110
110011010101010100110101010101010011010101010101001101010101010100110101000111
110101010101010100110101010101010011010101010101001101010101010100110101000110
110011010101010100110101010101010011010101010101001101010011001010110100100111
110101001010101101010010110100101100101101010100101011010011010010101100100110
110010101010101100101100110010110010110101010100101011010100110010101100100111
110100110101010101010100110100101100101010110100110101010011001101001101000110
110010101101010101010101010101010011010101010101001101001101010011010010100111
110100110101010100110101001101010011010101010100110011010011010010101101000110
110011001100110100101100101101001010110010110100101011010101010100110100100111
110100110011010011001101010101010011010100101101001011001010101100101100100110
110011010011010010101101010101010011010100110100101011001101010100101101000111
110100110010101100101101010011010010110010101011001011001100101100101101000110
110010110101010100110101001010110010110011001100101011001100101100101100100111
110100110011010100101100110011010010110100110100101011001011010010101100100110
110011010100101100110101010101010011010101001100110011010101010100110101000111
110101010100110010101100101010110010110101010101001101010100110010101100100110
110010101101001010101101010101001010110011001101001011010101010100110101000111
110100110100110010101101010100110010110011001101001011010101010100110100100110
110011010010101100101100110011001010110011001011001011010011010100101101000111
110100101100110100101101001101001010110010110100101011010011010100110101000110
110010101011001010110101010101010101010101010011001010101011010011010100100111
110101010100110011001100110101010101010101010101001101010101010100110101000110
110011010011010011001101010011010011010010101101001010101100110101010011000111
110101010100110100110101010100110011010100110100110101001101001100110100100110
110010110101010101010100110011001011010101001100110101010010101011001101000111
110100101101010101010101010101010011010101010101001101001011001101010011000110
110011010101010100110101001101001100110101001101001101001010110100101011000111
110100110011010100110101010011001100110100110101001101010101010100110100100110
110010101010101100101011010101010011010100110100110011010100110100110101000111
110101001010110100101011001101010011010101001100101011010011010100110101000110
110011010101010100110100110010110100101101010101001101010010101101010101000111
110100110011010100101101001101010101010101010101001101010101010100110100100110
110011010101010100110101010101010011010101010101001101010101010100110101000111
110101010101010100110101010101010011010101010101001101010101010100110101000110
110011010101010100110101010101010011010101010101001101010101010100110101000111
110101010101010100110101010101010011010101010101001101010101010100110101000110
110011010101010100110101010101010011010101010101001101010101010100110101000111
110101010011001010110100101010110101001011010010110010110011010100101100100110
110011010011010010101100110101010010110100101011001011001011010100101101000111
110101010101001100101101010101010011010100101101001011001010101100101101000110
110011010011010010101101010101010011010101001100101011001101001010101101000111
110101010101010010101100110011010010110101001101001011010101010100110100100110
110010101101001100101101001010110010110101010100101011001100110010101101000111
110101010100110010101101010101010101010010110010101101010100110011010100100110
110011001010101101010010110101010101010100110010101101010101010101010101000111
110100101010110100101101010011001101010101010100110100101101010101010100100110
110011001010101101010011010101010011010100110011001101010101010100110101000111
110100101011010010101100110011010010110101001100101011010101010100110100100110
110011001100110010101101010101001010110101010101001101001101010100101101000111
110100110010101100101101010101010011010011010101001011010011010010101101000110
110011010011010010101100110101010010110011010010101011010101010100110100100111
110101001010101100101101001011010010110101010101001101010011010010101100100110
110011001101010100101101001010110010110101001101001011001010101100101100100111
110100101100101100101101010101010011010100101011001011001100110010101100100110
110010101100101100101101001101010010110011001101001011010011010010101100100111
110101001011010010101101010101010011010100110011001101010101010101010100100110
110010110011010010101101010011001101010100110010110100101101010101010101000111
110101010101010100110100110010110101001101010101001101010010101101010100100110
110010110100101010101100110011001101010101010101010101010100110011010011000111
110100110100110011010101010011010011001011010101010101010101010100110101000110
110010110101010100110100110101001101001101010101001101010011010100110101000111
110101010101010011001101010010110010110011001101001011001101010100101100100110
110011001011010010101100110011010010110101010101001101001010110010101101000111
110100101101010100101100110100110010110101001100101011010101010100110100100110
110011001100101100110101010101010011010010110101001011001010101100101100100111
110100101100101100101101010101001010110011001100101011010100110010101101000110
110010101101001100101101001010110010110010101101001011010011010100110100100111
110100110101010101010100101101010011001101001100110101010010101100110011000110
110011001101010101010101010101010011010100110101010100110101010100110100100111
110101001101001101001100101011010010101100110100110101010101010100110101000110
110011010100101101001011010101010011010101001011010011010101010101010101000111
110101001011010010101011010011001101010101010010101100101101010101010100100110
110010110101010100110101010101010011010101010010110011010101001100110101000111
110100101101001101001100110100110011010010101101001010110011010011010100100110
110011001101001100101010101010101010101011001101010100110101001100110101000111
110101001010101101010100101101010010110010110011001010101010101010101011000110
110011010101001101010010110100110011010101010101001101010101010100110100100111
110101010101010100110101010101010011010101010101001101010101010100110101000110
110011010101010100110101010101010011010101010101001101010101010100110101000111
110101010101010100110101010101010011010101010101001101010101010100110101000110
110011010101010100110101010101010011010101010101001101010101010100110101000111
110101010101010100110101010101010011010101010101001101010101010100110101000110
110011010101010100110101010101010011010101010101001101010101010100110101000111
110101010101010100110101010101010011010101010101001101010101010100110101000110
110011010101010100110101010101010011010101010101001101010101010100110101000111
110101010011001010110100101010110101001011010010110010110010110100101101000110
110011001010101100101101001101001010110011001011001011010101010100110101000111
110100101101010100101101010101010011010100110100101011001101010100101101000110
110010110010101100101101010011010010110010101011001011001100101100101101000111
110100110101010100110101001010110010110011001100101011001100101100101100100110
110010110011010100101100110011010010110100110100101011010101010101010101000111
110100110011010101001100110011001101010100110101010010101101010101010101000110
110010110101010100110101010101010011010100110101010100110101010100110101000111
110100110011001101001100101011010010101100110100110101010101010100110100100110
110011010100101101001011010101010011010011010011010011010011001100101010100111
110101010011010011010101010101010011010101010101001101010101010100110100100110
110011010101010100110101010101010011010101010101001101010101010100110101000111
110101010101010100110101010101010011010101010101001101010101010100110101000110
110011010101010100110101010101010011010101010101001101010101010100110101000111
110101010101010100110101010101010011010101010101001101010101010100110101000110
110011010101010100110101010101010011010101010101001101010101010100110101000111
110101010101010100110101010101010011010101010101001101010101010100110101000110
110011010101010100110101010101010011010101010101001101010101010100110101000111
110100110101010100110101001100101011010010101011010100101101001011001011000110
110010110010110100101100101010110010110100110100101011001100101100101101000111
110101010101010100110100110101010010110100101011001011001010101100101100100110
110011010100110010101101010100110010110011001101001011010011010010101100100111
110101010101010100110100110100110010110100101101001011010101010100110101000110
110011001101010100101101001010110010110101010101001101001100110100101100100111
110100101101010100101101001101001010110101001011001011001101001100101101000110
110011001100110100101101001101001010110101010101010101010101010011010011000111
110100101100110011010101010010110100101011010101010101010101010100110101000110
110011010101010100110101010101010011010010110011010100110101010100110100100111
110100110101001011001101010100110011010100110011010011001101001100110101000110
110010101010110100101011010100101100110101010011001101001101001101001100100111
110101001101001100110101010101010011010011001011010010110101010100110101000110
110011010010101101010101010100101011001011010101010101010101010100110100100111
110101010101010100110101010101010011010101010101001101010101010100110101000110
110011010101010100110101010101010011010101010101001101010101010100110101000111
110101010101010100110101010101010011010101010101001101010101010100110101000110
110011010101010100110101010101010011010101010101001101010101010100110101000111
110101010101010100110101010101010011010101010101001101010101010100110101000110
110011010101010100110101010101010011010101010101001101010101010100110101000111
110101010101010100110101010101010011010101010101001101010101010100110101000110
110011010101010100110101010101010011010101010101001101010101010100110101000111
110101010011001010110100101010110101001011010010110010110010110010101100100110
110010101101010100101101010010110010110011001100101011001100110100101100100111
110101010101010100110100110100110010110010110100101011010101010100110100100110
110010110011010010101100110011010010110101010100101011001100110100101101000111
110101001101010100101101010011001010110011001101001011010100110100101101000110
110010110101010101010101001100101101001011001100110101010010110011001010100111
110101001101010101010101010101010011010101010101001101001011010101010011000110
110011010101010100110101001100110100110101010101010101001011010100110011000111
110100101100110011010101010101010010101011010101010101010101010100110100100110
110011001011010101010011010101010011010011010011010011010101010101010100100111
110101010010101100110010110011001101010100110011001010101101010101010101000110
110011010101010100110100110100110101001101010101001101010010101101010101000111
110101010101010100110100101101010101010101010101010101010100110010110010100110
110010101100110011010100101011001100110100110101010101010011001010110101000111
110101010101010101010101010101001100101011001100110101010101001011001100100110
110011010011010101010100101010110101001101010101001101010011001100110101000111
110100110101010100110100110100110010110100101011001011010101010010101101000110
110011001100110010101101010011001010110101010101001101010100110010101101000111
110100110101001100101100110011010010110101010101001101010010101100101101000110
110011001100110010101100110010110010110100110101001011001100110100101100100111
110101010011010010101100101101001010110101010101001101010011001100110100100110
110010110101010101010100101010101100101011001100110101010011010100101101000111
110100110011010101010101010101010011010100110101010100110101010100110101000110
110011001101001101001100101011010010101100110100110101010101010100110101000111
110101010100101101001011010101010011010101001011010011010101010101010101000110
110011001010110100101010110011001101010101001011001011010011010101010101000111
110100110101010100110101010101010011010101010101010010110101010101010100100110
110011001011010010101010110011001101010100101100101011010011010101010100100111
110101010101010100110101010101010011010100110011010010110101010100110100100110
110010101100110011010101010010110011010100110100110101010101010101010100100111
110100101100101010110101001011001101010101010101010100110011010101010100100110
110011010101010100110101010101010011010101010101001101001101010011010011000111
110100110101010100110101001101010011010101010010101011010101001100110101000110
110010110011010100110101010101010011010010101010101010101011010101010010100111
110101010101001100110100101010101010101010110100110100110101001100110101000110
110011001101001101001100110100110011010101001011001101001011010011010101000111
110100101101001100110101010101010011010100110101001101001101001100110101000110
110010110011001010110101010101010011010100110101001101001011001010110100100111
110101010101010100110101010101010011010101010101001101010101010100110101000110
110011010101010100110101010101010011010101010101001101010101010100110101000111
110101010101010100110101010101010011010101010101001101010101010100110101000110
110011010101010100110101010101010011010101010101001101010101010100110101000111
110101010101010100110101010101010011010101010101001101010101010100110101000110
110011010101010100110101010101010011010101010101001101010011001010110100100111
110101001010101101010010110100101100101101010100101011010011010010101100100110
110010101010101100101100110010110010110101010100101011010100110010101100100111
110101010101010100110101001011010010110010101011001011010011010010101100100110
110010110101010100110101010100101010110101010011001101001101001100101101000111
110100101101001100110101010101010101010101010100110011010010110011010100100110
110011010011001101010011001101010101010101010101001101010101010100110101000111
110101010101010100110101010101010011010011001101010100101011001010110101000110
110010110101010100110101001101010011010100110101001101010100101100110100100111
110101010101001011001101010100110011010011010011010011001101001100110100100110
110010110101010101010100110101010101001100101100110101010100110011010010100111
110101010011010101010101010101010011010101010101001101010101010100110101000110
110010110101010100110100101100110101001101010101001101001101010011010100100111
110100110101001100101011010100101100110101010011001101001101001101001100100110
110011001101001100110101010101010011010100101011001010110101010100110100100111
110101010101001011001101010100110011010011010011010011001101001100110100100110
110010110101001100101010101010110101010101001101001011010101010100110100100111
110101010010101100101011010101010011010101010010110011010101001100110101000110
110011001101001101001100110100110011010010101101001010101010101010101011000111
110101001100110101010011010100110011010101010010110011010101001100110101000110
110011001101001101001100110100110011010011010011001101010101010100110101000111
110100101100101101001011010101010011010100101011010101010010110101001011000110
110010110011010101010101010101010101010010101011010010110010110011010100100111
110101010010101011010011001101010101010101010101001101010101010100110101000110
110011010101010100110101010101010011010101010101001101001101010011010011000111
110101010101010100110101001101010011010101010101001101001100101100110101000110
110011010101010100110101010011001010110101010011001011001101001100101101000111
110100101011010010101101010101010011010011010011001011001011010010101101000110
110011010101010100110101001010110010110010101011001011010100110010101101000111
110101010101010100110100110101010010110100101011001011010101010100110101000110
110010101101001100101101001010110010110101001100101011001100110100101101000111
110101001010110100101100110011010010110100110100101011010101010100110101000110
110011010011010100101100110011010010110101001100101011001010110010101100100111
110101001100110100101100110011010010110100101011001011010101010100110101000110
110011001101010010110101010101010011010011010101001011010010101100101101000111
110101010100110100101101010101010011010011010010101101001101001010110101000110
110010110010101100110101001101010011010101010101001101010101010100110100100111
110101010101010100110101010101010011010101010101001101010101010100110101000110
110011010101010100110101010101010011010101010101001101010101010100110101000111
110100110101010100110101001100101011010010101011010100101101001011001011000110
110011001101001100101101001010110010110100101100101011001101010100101100100111
110100110100101100101100110100110010110101001101001011010101010101010101000110
110011010011010101010100101011001101010101010011001100110011010101010100100111
110101010101010100110101010101010011010101010101001101010101010100110101000110
110010110101010100110100110101001101001101010101001101010011010100110101000111
110101010101010100110101010101010011010101010101001101010101010100110101000110
110011010101010100110101010101010011010101010101001101010101010100110101000111
110101010101010010101101001101001010110011001101001011001011010010101101000110
110011001011010010101101010101010011010010110100101011010101010010101101000111
110100101101010100101100101101010010110011001101001011010101010100110100100110
110011010011010100101100110101010010110100110100101011010101010100110100100111
110101001101010100101101001010110010110101001101001011010101010100110101000110
110011010100110010101101001101001010110011010010101011010101010100110101000111
110101001101010100101100101011010010110011010101001011001101001100101100100110
110010110010101100101101001101010011010101010101010101010100110011010101000111
110101001010110011010101001101001011001100110101010101010101010100110101000110
110011010101010100110101010101010011010101010101001101010101010100110101000111
110101010011010011001101010011010011010010101101001010101100110101010011000110
110011010100110100110101010100110011010100110100110101001101001100110100100111
110101010101010101010100101101010010110010101100110101010100101010110010100110
110011010011010101010101010101010011010101010101001101010101010100110101000111
110100110101010100110101010101010011010011010011010100110101010100110100100110
110011010010101101010101010010110010110100110101010101010101010100110100100111
110101010101010100110101010101010011010101010101001101010101010100110101000110
110011010101010100110101010101010011010101010101001101010101010100110101000111
110101010101010100110101010101010011010101010101001101010101010100110101000110
110011010101010100110101010101010011010101010101001101010101010100110101000111
110101010101010100110101010101010011010101010101001101010101010100110101000110
110011010101010100110101010101010011010101010101001101010101010100110101000111
110101010101010100110101010101010011010101010101001101010101010100110101000110
110011010101010100110101010101010011010101010101001101010101010100110101000111
110101010101010100110101010101010011010101010101001101010101010100110101000110
110011010101010100110101010101010011010101010101001101010101010100110101000111
110101010101010100110101010101010011010101010101001101010101010100110101000110
110011010101010100110101010101010011010101010101001101010101010100110101000111
110100110101010100110101001100101011010010101011010100101101001011001011000110
110011001101010100101101010010110010110101001011001011001010101100101100100111
110101001010110010101101010101010011010100110100101011001100110100101100100110
110010110100110010101101001101001010110011010010101011010101010101010101000111
110101010100101100101100101011001101010100101101010010110011010101010100100110
110010110101010100110100101101010101001101010101001101001101001101001100100111
110100110101010101010101001101001010110010101100110101001010101011010101000110
110011001011010101010101001100101011010101010101010101001100101101010011000111
110101001010110011010101010101010011010010110101010101001010101101010011000110
110011010101010100110101001100110011010101010101001101010100110100101101000111
110100101101001100101100101101001010110101010100101011010100101100101100100110
110010101101010100101100110100101010110101010101001101010100110010101101000111
110101010101001100101100110011010010110101010101001101010100101100101101000110
110011001101001100101100101101001010110101001100101011010101010100110101000111
110100110011001100110101010101010101010101001100110100101010110011010100100110
110011010011001100110100101101010101010101010101001101010101010101001011000111
110100110101010101010101001011010010101010101100110101010100110010110100100110
110011001011010101010101010101010011010100101100110011001011010101001101000111
110100110101010011001100101011010010101010110100110101010101010100110100100110
110011010101010100110101010101010011010101010101001101010101010100110101000111
110101010101010100110101010101010011010101010101001101010101010100110101000110
110011010101010100110101010101010011010101010101001101010101010100110101000111
110101010101010100110101010101010011010101010101001101010101010100110101000110
110011010101010100110101010101010011010101010101001101010101010100110101000111
110101010101010100110101010101010011010101010101001101010101010100110101000110
110011010101010100110101010101010011010101010101001101010101010100110101000111
110101010101010100110101010101010011010101010101001101010101010100110101000110
110011010101010100110101010101010011010101010101001101010101010100110101000111
110101010101010100110101010101010011010101010101001101010101010100110101000110
110011010101010100110101010101010011010101010101001101010011001010110100100111
110101001010101101010010110100101100101100101100101011001100110100101100100110
110010110011010010101101010011001010110011010011001011001011010100101100100111
110101001101010100101101010010110010110101010101001101001011010100101101000110
110011001100110010101101001101001010110010110100101011001010101100101101000111
110100110011010010101101010101010011010101010100101011001010101100101100100110
110010101011010010101100110100110010110101001100101011001101001100101101000111
110101001010101100101101001010110010110101010101010101001100110010101010100110
110011001010110011010101001010101011010010110101010101010101010100110101000111
110100110011010101010011010101010011010011010011010011001010110100101010100110
110010110011010011010101010101010011010101001011010010110101010100110100100111
110100110100101101001101010101010101010010101101010011010101001011010101000110
110011010101001101001100101101010101010101010101001101010101010100110101000111
110101001011010101001101010100110011010011010011010011001101001100110100100110
110011001010110100101011010100101101010101010101001101010101010100110101000111
110101010101010100110101010101010011010101010101001101010101010100110101000110
110011010101010100110101010101010011010101010101001101010101010100110101000111
110100110101010100110101010101010011010101010101001101010101010101010101000110
